102.180984,0.005888,8.740644
159.361023,0.0040219999999999995,11.978274
219.69456499999998,0.13552899999999998,2.102256
324.282196,0.000294,3.4196190000000004
331.377502,0.00021,1.688668
349.848389,0.0037770000000000004,8.084833
447.493408,0.001482,6.70275
546.760925,0.023451,18.152502
562.933228,0.019141,7.37114
672.171387,0.06737,12.340746000000001
843.0517580000001,0.00425,13.815202
919.328369,0.0003,4.344866000000001
979.217102,0.0051990000000000005,5.735648
1025.1292720000001,0.020074,16.409691
1095.815796,0.00028,2.134175
1102.772095,0.001121,4.2166120000000005
1117.198242,0.002908,7.698492999999999
1164.9807130000002,0.031625,18.502066
1247.060303,0.000544,5.223957
1516.129883,0.0069489999999999994,18.597878
1561.2109380000002,0.0007160000000000001,7.4097729999999995
1595.513306,0.01,13.652895000000001
1735.839844,0.003239,16.307903
1785.7636719999998,0.001021,7.556000999999999
1835.0323489999998,0.005520000000000001,14.555229999999998
1930.338257,0.002902,12.956558
2066.731689,0.000814,13.033222
2193.197266,0.001551,14.873930999999999
2302.69873,0.000983,14.313198000000002
2343.412109,0.00024700000000000004,6.486492
2462.73999,0.004406,8.312331
2527.720703,0.000625,12.169673
2756.7583010000003,0.00025499999999999996,13.223938
2881.30249,0.0011619999999999998,21.082792
2992.372314,0.000676,15.881979000000001
