184.0,0.02405613997751322,19.081738718549246
129.0,0.022919740036517817,15.038451567481419
238.0,0.029884978837702487,10.459792841604436
284.0,0.034966201156765825,8.846865511044095
355.0,0.027989534810425723,19.884500252744616
440.0,0.0185947408721727,19.14635076313708
483.0,0.017231991493730444,0.681384777693763
662.0,0.025458306112357665,15.056814042117301
825.0,0.006615393890953992,11.860669665627398
989.0,0.00910997615173208,16.576340211771825
1125.0,0.042074306593100436,9.39405345851724
1355.0,0.04409511783620576,9.744040800679477
1621.0,0.03589858826894118,5.659165722574384
1864.0,0.008014263652090398,12.641090462575075
2102.0,0.01341768325979046,10.411182413107753
2450.0,0.017738612440592695,12.29231536757104
2746.0,0.04970639575679156,8.236500065595669
3073.0,0.018373790954592125,12.708222253619217
3429.0,0.008626505948160708,3.9609098800435905
3749.0,0.04858024482764583,19.114376993560715
